SARSAT 7 (NOAA 15)      
1 25338U 98030A   16263.96362250  .00000036  00000-0  34024-4 0  9998
2 25338  98.7853 268.3135 0009479 271.4060  88.6034 14.25753714954231
GPS BIIR-07             
1 26690U 01004A   16263.75448064  .00000008  00000-0  00000-0 0  9992
2 26690  53.0065 169.1317 0174756 253.6849  22.9682  2.00557844114593
METEOSAT-8 (MSG-1)      
1 27509U 02040B   16263.66490457  .00000115  00000-0  00000-0 0  9995
2 27509   4.3657  59.3548 0001494 175.4104  44.2459  1.00422783 51588
GPS BIIR-08             
1 27663U 03005A   16263.37498341 -.00000066  00000-0  00000+0 0  9991
2 27663  56.7619 355.4307 0085788  20.7558  73.7764  2.00576532 99945
INSAT 3A                
1 27714U 03013A   16263.98499449 -.00000280  00000-0  00000+0 0  9992
2 27714   0.0099 208.6912 0005135 280.8135 317.8946  1.00270470 49282
GPS BIIR-11             
1 28190U 04009A   16263.88159067 -.00000024  00000-0  00000-0 0  9992
2 28190  55.8511  56.6340 0103573  48.7167 204.9294  2.00568757 91632
GPS BIIR-12             
1 28361U 04023A   16263.83607429  .00000025  00000-0  00000-0 0  9993
2 28361  54.1724 230.9814 0112946 215.9795 278.4420  2.00570098 89693
GPS BIIR-13             
1 28474U 04045A   16263.65010426  .00000013  00000-0  00000-0 0  9994
2 28474  54.0935 108.8211 0161259 240.8778 122.4839  2.00567432 87085
SARSAT 10 (NOAA 18)     
1 28654U 05018A   16263.92500471  .00000014  00000-0  33211-4 0  9994
2 28654  99.1980 273.3222 0015276 108.4890 251.7942 14.12305113584014
GPS BIIR-14M            
1 28874U 05038A   16263.55157787 -.00000026  00000-0  00000+0 0  9996
2 28874  56.0145  53.8703 0114079 250.1178 146.5231  2.00555171 80471
MSG-2                   
1 28912U 05049B   16263.90758146  .00000040  00000-0  00000-0 0  9992
2 28912   1.6756  69.2176 0000810 125.3500 140.6326  1.00272571 39363
GOES 13                 
1 29155U 06018A   16263.21130122 -.00000271  00000-0  00000-0 0  9998
2 29155   0.0289 148.1078 0002179 342.9900 228.9362  1.00267304 37845
SARSAT 11 (METOP-A)     
1 29499U 06044A   16263.91699074  .00000024  00000-0  30969-4 0  9997
2 29499  98.7195 321.4997 0000639 167.5136 177.7102 14.21487211514552
GPS BIIR-16M            
1 29601U 06052A   16263.55528726 -.00000066  00000-0  00000+0 0  9991
2 29601  56.7332 354.3461 0058743  43.5897 316.9150  2.00565823 72099
GPS BIIR-17M            
1 32260U 07047A   16262.86874514  .00000019  00000-0  00000+0 0  9990
2 32260  53.3005 227.6087 0083713  27.4320 332.9761  2.00563573 65477
GPS BIIR-18M            
1 32384U 07062A   16263.23414907 -.00000025  00000-0  00000+0 0  9990
2 32384  56.0722  54.4465 0005759 343.1882  55.6608  2.00555078 64212
SARSAT 12 (NOAA 19)     
1 33591U 09005A   16263.89297001  .00000149  00000-0  10593-3 0  9994
2 33591  99.0507 221.4902 0013357 316.2218  43.7893 14.12107735392240
GOES 14                 
1 35491U 09033A   16263.29451827 -.00000113  00000-0  00000-0 0  9999
2 35491   0.3289 270.7299 0008382 296.6284 152.6125  1.00271595 26482
GOES 15                 
1 36411U 10008A   16264.37714232  .00000066  00000-0  00000+0 0  9993
2 36411   0.3424 273.0866 0003157 275.1804 171.7414  1.00272709 24026
ELEKTRO-L 1             
1 37344U 11001A   16264.31272578 -.00000137  00000-0  00000+0 0  9999
2 37344   1.8872  78.9978 0000724 231.0284 147.9920  1.00268320 20804
GLONASS-K 1             
1 37372U 11009A   16264.45837087  .00000019  00000-0  00000+0 0  9993
2 37372  65.2695  73.7641 0006844 222.4192 124.3978  2.13102866 43290
GPS BIIF-2              
1 37753U 11036A   16263.90124075  .00000014  00000-0  00000-0 0  9997
2 37753  55.3070 111.5618 0057765  29.5106 280.2118  2.00559946 37926
GSAT0101 (GALILEO-PFM)  
1 37846U 11060A   16263.79608470  .00000003  00000-0  00000+0 0  9997
2 37846  55.6226  79.2950 0001885  10.4901 349.5502  1.70473791 30599
GSAT0102 (GALILEO-FM2)  
1 37847U 11060B   16264.40982796  .00000000  00000-0  00000+0 0  9990
2 37847  55.6245  79.2765 0002115 317.6516 100.4804  1.70474125 30610
LUCH 5A                 
1 37951U 11074B   16263.83630775 -.00000067  00000-0  00000+0 0  9998
2 37951   1.6440 205.6842 0003298 334.2754 287.3922  1.00270805 17519
MSG-3                   
1 38552U 12035B   16264.00021015 -.00000021  00000-0  00000+0 0  9995
2 38552   0.5352  21.9707 0002753 198.9442 139.0795  1.00279238 15552
SARSAT 13 (METOP-B)     
1 38771U 12049A   16263.90434991  .00000027  00000-0  32538-4 0  9993
2 38771  98.7200 322.0265 0000419  23.5092  63.8344 14.21482432207883
GPS BIIF-3              
1 38833U 12053A   16263.46073926 -.00000007  00000-0  00000-0 0  9999
2 38833  54.3289 289.7315 0045764  19.8983 340.3272  2.00556980 28991
GSAT0103 (GALILEO-FM3)  
1 38857U 12055A   16263.84100805  .00000003  00000-0  00000+0 0  9990
2 38857  54.9260 199.5230 0003904 240.7271 119.2243  1.70473645 24529
GSAT0104 (GALILEO-FM4)  
1 38858U 12055B   16263.77541198  .00000003  00000-0  00000+0 0  9997
2 38858  54.9266 199.5234 0002864 242.1079 117.8532  1.70473739 24479
GPS BIIF-4              
1 39166U 13023A   16263.81841011 -.00000031  00000-0  00000-0 0  9991
2 39166  55.7247  50.9624 0037480  16.5192 343.6064  2.00566382 24531
INSAT-3D                
1 39216U 13038B   16262.77726238 -.00000177  00000-0  00000+0 0  9990
2 39216   0.0307 261.1809 0001524 332.8024 126.0181  1.00270860 11627
GPS BIIF-5              
1 39533U 14008A   16263.31644900 -.00000012  00000-0  00000-0 0  9995
2 39533  54.4842 294.9891 0024173 185.5875 174.4397  2.00552049 18887
LUCH 5V                 
1 39727U 14023A   16263.98115975 -.00000294  00000-0  00000+0 0  9996
2 39727   3.2347 299.5967 0002641 273.3855 234.2776  1.00271727526856
GPS BIIF-6              
1 39741U 14026A   16263.10328162  .00000022  00000-0  00000-0 0  9992
2 39741  55.2959 111.1120 0004358 270.9352  89.1033  2.00552402 17154
GPS BIIF-7              
1 40105U 14045A   16263.68745182  .00000026  00000-0  00000-0 0  9991
2 40105  54.6931 230.7488 0003428 131.8159 228.1865  2.00550471 14750
GSAT0201 (GALILEO 5)    
1 40128U 14050A   16263.47842712 -.00000042  00000-0  00000-0 0  9995
2 40128  50.1471  56.0714 1600495  54.1199 319.7098  1.85519140 12343
GSAT0202 (GALILEO 6)    
1 40129U 14050B   16264.28597803 -.00000044  00000-0  00000+0 0  9995
2 40129  50.2034  55.0258 1601203  55.2291 318.8189  1.85519833 14460
GPS BIIF-8              
1 40294U 14068A   16263.56238950  .00000013  00000-0  00000-0 0  9998
2 40294  54.9707 171.2617 0002431 315.3330  44.6978  2.00569607 13856
GLONASS-K 2             
1 40315U 14075A   16263.85213707 -.00000017  00000-0  00000+0 0  9999
2 40315  64.5781 314.8024 0019173 232.9285 130.2818  2.13101775 14050
GPS BIIF-9              
1 40534U 15013A   16263.20542228 -.00000067  00000-0  00000-0 0  9993
2 40534  55.0166 350.7352 0010256 341.8134  18.1969  2.00574512 10892
GSAT0203 (GALILEO 7)    
1 40544U 15017A   16262.40739149  .00000010  00000-0  00000-0 0  9996
2 40544  55.4104  79.6641 0002584 187.5012 172.5398  1.70475184  8532
GSAT0204 (GALILEO 8)    
1 40545U 15017B   16263.36385727  .00000004  00000-0  00000-0 0  9995
2 40545  55.4180  79.6469 0003228 140.8761 219.1865  1.70475360  9213
GPS BIIF-10             
1 40730U 15033A   16262.86507701 -.00000031  00000-0  00000-0 0  9992
2 40730  55.2603  50.7948 0019357 297.8830  61.9260  2.00554589  8642
GSAT0205 (GALILEO 9)    
1 40889U 15045A   16264.18715901 -.00000041  00000-0  00000+0 0  9990
2 40889  57.1971 319.4737 0002149 301.5486  58.5039  1.70474852  6372
GSAT0206 (GALILEO 10)   
1 40890U 15045B   16264.40715995 -.00000042  00000-0  00000+0 0  9991
2 40890  57.1963 319.4647 0002117 258.3001 101.7484  1.70474853  6402
GPS BIIF-11             
1 41019U 15062A   16263.41420184  .00000014  00000-0  00000-0 0  9996
2 41019  54.9831 171.0438 0018119 203.4551 156.5127  2.00562589  6472
GSAT0209 (GALILEO 12)   
1 41174U 15079A   16263.99397867  .00000003  00000-0  00000+0 0  9997
2 41174  54.9382 199.2035 0005365 284.6527  75.2796  1.70473132  4718
GSAT0208 (GALILEO 11)   
1 41175U 15079B   16261.28094972  .00000001  00000-0  00000+0 0  9997
2 41175  54.9368 199.2797 0004560 281.4685  78.4561  1.70473121  4672
GPS BIIF-12             
1 41328U 16007A   16263.00100577  .00000024  00000-0  00000+0 0  9995
2 41328  54.9550 230.8887 0008305 237.0689 122.8226  2.00566520  4525
GSAT0211 (GALILEO 14)   
1 41549U 16030A   16263.74563150 -.00000038  00000-0  00000+0 0  9993
2 41549  57.3371 319.2017 0004389 260.4142  99.6120  1.70474678  2011
GSAT0210 (GALILEO 13)   
1 41550U 16030B   16264.03889596 -.00000040  00000-0  00000+0 0  9996
2 41550  57.3359 319.1958 0004688 238.4856 121.5428  1.70474740  2017
